net w1 init : 
[[0.30043536437063506,0.36609913940099686,-1.0428171617233521,-1.4779551367247434,0.0712191426992022,-0.4545660158678484,0.5914510020980289,0.335069400358712,-0.16637659818481712,0.7824909226310399,-1.8887383624986391,-0.0936233994687272,0.8965522757887041,-0.16540092425804268,-0.6090034626919869,0.1444223826908838,-2.6689213292900806,0.12580584717790164,1.0925393653352977,-0.27275938735882704],
[2.3251754830672478,-0.3353892423053448,-1.0777244086233462,-1.7562868130404965,-0.21596344490610322,1.5590780474091348,-0.9939436386509688,0.8092727920278195,0.41744765345943485,-0.21732198072084352,-2.351782446578483,0.5327836683629005,-0.6698557835037795,0.4921988799686382,0.9467236599198553,1.3574048392530889,1.5790404646429759,-0.14487755883121095,1.1661298633082104,1.0916340986395363],
[0.8358497616656708,-1.665968539165406,1.365055168578759,-0.5514189969077502,0.9018021488813613,0.11819861350755503,-0.398681551908332,0.941950150834099,0.9236302594043347,0.1480785724167631,0.8015283992805432,0.2857296259594365,1.0052344106204762,-1.4326255930973106,-0.943686918524691,-2.6766544082853616,0.31053199149610516,1.0666904435817413,0.29624933745790116,-0.15549227443083416],
[-2.510535647914644,0.2932663545151557,0.8284087988414593,-0.5997017971892215,1.0964006457291828,-1.1759813052049763,1.4910019717085574,-0.7583238455510294,0.47763942423948547,-0.2135757059448959,0.4431290513597794,-0.4750984473087467,2.9782253960641545,-0.10345843559384559,0.5105014437155919,-1.747274123867181,1.0039568756304444,0.9084495056438086,1.9659525506373519,0.5857599580099461],
[1.801200743306423,-2.613247112202493,-0.9513978349848016,-0.22763078561982555,-1.8925010924059062,0.019684681716670913,-1.1554205168102245,-0.9961433146577027,0.8412717338181643,0.4686362620470279,-1.496023395919294,1.1271932025717797,-0.04382704109111657,-0.038501682104145646,-1.4993901094541167,2.0504900521003715,0.431077261733253,0.3325451802791038,0.11646434189066479,0.6332371721191975],
[-1.4468044348762374,0.47689621857779624,-0.16949372547175778,0.37868892931978126,-0.7829939399019014,0.3593240495489691,0.06176731201795811,0.062076964634796415,-0.04056203913986697,0.4797813974431996,-1.7349909175806764,-0.11993193490754586,-1.4412746238228544,0.824899194468768,-0.3813432905500393,-0.5801219421432412,1.1972792638078724,-0.3515204750072568,-1.3146447395436376,-0.3240357488095289],
[-1.239705277925111,0.6087513126407776,0.3781789339826453,1.0760907083013835,-2.4655184297452957,0.5576627218534792,-1.8494336591577731,0.4290511945373859,0.9357419050609634,-0.4431850745769109,1.0945874226208863,2.0006964168662136,-0.11111825558417664,0.11832027656402029,0.38868489049292304,0.8732935137588996,1.4984296363895848,-2.232795802611953,2.420615593057214,-0.3398278043269656],
[0.23193429514621589,0.07479573729592255,-0.14847124235892253,0.28868903950528224,-1.0999275804588418,-0.655656717883004,1.1519101314481464,0.09522770718991576,-1.19074659071957,-0.7332887427736067,-0.11948160076033863,-0.628535195257585,-0.9862129246749533,-0.5693427668602139,-2.713241283807455,1.0747214293026501,1.2827248711299368,-1.0797007233668232,0.7074194179471218,-0.6569522642396217],
[0.18673387918026788,0.37814560274988035,-1.3767543665669977,0.12038876268573107,1.0476887574009446,-1.5556785582675368,0.7472889523441308,-0.05018715694701549,-0.0031097879093111677,1.0617620534930994,-0.8691438784446048,-1.3473511576091313,1.180454282411156,-0.16278367092527532,0.8465319173580952,0.669886133395036,0.9585814026856274,0.1274903480064258,0.3025517956166082,0.8309541068842311],
[-0.48069713054118457,0.25974983610565067,0.5439083185096842,0.9973902063718335,-0.4079624120635165,-0.5021836555560663,-0.582392203561591,0.1721951227587272,-0.22029456278240764,-0.462558824523518,1.1358062865911214,0.2645806427808948,0.6912150451417804,1.394910024527455,-0.36935153225854545,1.356268785763715,1.594715473672515,-1.1672523578926444,2.675919623931953,-0.27620162795717984],
[-0.23355119737403723,0.004641973467133727,-1.1732790403025,-0.14232862831944265,0.42745374046597817,0.9049536028906685,-1.3031621295245768,-1.7365787707652418,0.5627541996083492,-0.8167241214944453,0.05312729837383344,-0.47334209703456304,-0.9541024488831472,-1.5446448958401269,0.4087306354562452,1.9838601652061658,0.125205123071779,-0.06551739977513163,0.7909806269691582,0.8318817608648778],
[0.3089111842731615,-0.15522935855331113,-0.2404370621298158,1.2377990586377572,-0.48062958388719884,-0.10182228454613976,-0.07711458008531379,-1.9757202244523375,-0.3293992921105801,0.09715522458337142,-0.06009928187448373,1.1449196290349497,0.11783710257611509,-0.05473317869594394,1.0306333339861047,2.4173785005996358,0.33513495217574374,-0.4852721933336174,0.3785302356222491,-0.3949772614096167],
[0.5781003321726564,-1.1093461182739002,-0.12538906222119442,0.24159742739019172,0.5492159604145037,-0.28134713396551797,1.9563566693506473,0.15346035094530752,0.3143912534755389,0.7910002728711544,-0.33435549760096744,-0.39307464483253485,-0.013660207056439297,-1.5888616835184493,-2.146595984633148,0.28616244769955124,-0.323280757276562,-0.7043444756059559,-0.7520324678232676,-0.46806853533801873],
[-1.2489472138853865,-0.30367619389360484,0.6398364254736847,0.14736569487737494,0.6324842510698934,-0.38400640335624425,0.30858447176333065,-1.1344457077082952,-0.16358392552634074,-0.41368575566523264,0.9955419353758662,-0.25096066031888686,-1.2197651164423815,-0.918065795688674,-0.44046152362681906,0.5165933143373517,-0.7757479043863513,0.05951856989530856,-0.8774373864803928,0.6821228402554511],
[0.413107994498693,0.32551354970341145,-0.04542631782711756,0.12201186758936411,1.4455595614429164,0.09802566115460669,0.0251927197477336,0.25133228415973974,-0.17639308422979091,-0.49463478592919263,-1.9160586999702074,-0.005370339313139553,-0.15267569342293347,-0.439425897892189,-0.09286184304986647,-0.24661668049981536,-1.1747772418388807,0.2812727385445355,-0.10828528933528091,-0.14780303929505606]]
net w12 init : 
[[1.0712445353565143,-0.19978710553955592,0.10035774530194953,0.6545881933922038,1.4676607474028258,0.7759580935470913,-1.5142180037816122,-0.04550299959897214,-0.27056357931506797,0.15178012391531584],
[1.132823255366059,-2.3696720570311065,-0.11190432425834539,1.525095594897463,0.92597031722948,-0.2044611593709004,0.8411588637390961,0.24334694422821607,-0.4746404629606143,-1.127351471965058],
[0.25785273396620395,0.2836145380894299,1.155898778340618,0.23507301106256556,0.46825368971454073,0.828991180915822,-0.19677991274001427,0.7539181289024639,1.5054167558993723,0.8880819951532852],
[-0.17217131567506583,-0.5145733710656445,0.1493586260256542,0.39270491917139644,1.7359491982043502,0.09622008117307752,0.20323007289230513,-2.1445607397894064,-1.1878316025937559,0.27807969083209266],
[0.5876751187204775,0.9237723827321543,-0.6259313009669493,0.024940662641986362,-1.150591610285261,0.7256317208530672,0.10832321872838108,0.09801550406547485,-0.7218076537507786,-0.7373945783718087],
[0.8447193001262775,-1.0659988783209464,1.0600298142363007,1.0694211635613824,-1.166467959456263,-0.5646688641707354,1.3175244369473353,1.1250180408533124,-0.3185505656738564,-1.5045349061641566],
[-0.401751467885407,1.7014285195988523,0.8790178952001979,1.5677891956089043,1.3544791085260675,-2.2775388675226718,-1.5632558143218611,-1.0449245424509992,0.5059457182434391,-1.3962687438747303],
[-0.6562084287922254,0.20214981478050498,-0.7169697911965487,-0.07701633941429428,-0.6462241895508601,0.45880829688183933,-0.46804385444591373,-0.11335892916306588,-0.44472181995018484,0.784129471447938],
[0.18911347834935524,-0.04345191358394778,0.7794237420106345,1.0240341295148638,-0.18894258556066984,0.14946400855023484,1.6477110374441417,-0.033108031546761944,-0.6621438622212643,-0.24503778325008882],
[1.0828456232028196,0.040919861971051096,1.6590220802813436,0.6315992599808308,-0.1430044022372183,-0.35908362884469264,-0.11747706808559491,-1.4026793052527189,-0.6442594147364827,0.37840794680246687],
[-0.6647794592256664,-1.2413218766724652,0.681095121819692,-0.8694099096424698,-1.9961999940410908,0.9091417123280794,-0.24448523512018172,-2.5399798070897517,-1.7828076443688203,-1.2750451912140872],
[-0.6104710597766103,0.6292464160498339,0.34140353135844037,0.14213103673060354,0.5284269664696862,0.25784435168893094,-0.5960942178195909,1.0356036125165018,-0.614196266647442,-0.4805230886822478],
[1.543837398904541,-0.13806476111832308,0.5122287931977315,2.075115915101765,-1.5753420596976158,0.11496490126528323,0.5559386632440694,-0.00946516969135927,0.5147587608922202,-0.5711963659871067],
[0.30602319079319557,-0.5471688697613455,1.4669448383143577,-1.1802101784914913,-1.1399212639053795,0.7486128588622063,0.052654044339101244,0.49016713119725774,0.9375210954997035,-0.8764435900456415],
[-0.6894584232508776,0.7345599345628141,-1.679183911016184,-0.1649223658329537,0.8603863981612698,0.2827570315976536,-0.09979267918637055,0.7880882382715569,-0.02406555968180719,-1.6182202548750424],
[-0.014018660742832055,-0.40412060462619576,-2.2639573433058198,-0.7857592453544215,0.48882811652986324,0.07145326956335883,-1.240812541685936,-1.7157904387153993,-0.026944144191557315,0.4305041909247616],
[0.8243319287460907,-1.204914610259063,1.5238613946713513,-0.223457548842742,0.27217471051839087,-0.04139529902578764,-1.5541478121930004,-2.133936103478505,-0.14468270228036198,0.29476356815437876],
[-0.2095453648024135,-0.5513591365302818,-0.2823097747770287,0.9030021377592405,-2.033848934877188,1.0387926589478635,0.5911305427716398,2.1543383519861505,1.0690871223361482,-0.9076367830854117],
[1.5542517605922295,-0.7708038416000476,-1.1010588762630888,1.9578560774774891,0.4415588729877947,0.4847022263065753,1.4596804770187222,1.55528548208167,-0.5131459464086596,0.14113212463410024],
[-0.2971029997932206,-2.0694345006846104,-0.45464027377497557,-1.1462835741786248,-1.456927987644544,-0.21608974687219454,-1.1221601789649884,0.2476895276979694,-0.32204219890655655,0.5692213888177776]]
x_batch content
[[1.0,1.0,1.0,0.0,0.0,1.0,1.0,1.0,1.0,0.0,0.0,1.0,1.0,1.0,1.0],
[1.0,0.0,0.0,1.0,0.0,0.0,1.0,1.0,1.0,1.0,0.0,1.0,1.0,1.0,1.0],
[1.0,1.0,1.0,1.0,0.0,1.0,1.0,1.0,1.0,1.0,0.0,1.0,1.0,1.0,1.0],
[1.0,1.0,1.0,1.0,0.0,1.0,1.0,0.0,1.0,1.0,0.0,1.0,1.0,1.0,1.0],
[1.0,1.0,1.0,0.0,0.0,1.0,1.0,1.0,1.0,1.0,0.0,0.0,1.0,1.0,1.0],
[1.0,1.0,1.0,1.0,0.0,1.0,1.0,0.0,1.0,1.0,0.0,1.0,1.0,1.0,1.0],
[1.0,1.0,1.0,1.0,0.0,1.0,1.0,1.0,1.0,1.0,0.0,1.0,1.0,1.0,1.0],
[1.0,1.0,1.0,1.0,0.0,1.0,1.0,1.0,1.0,0.0,0.0,1.0,0.0,0.0,1.0],
[0.0,1.0,0.0,0.0,1.0,0.0,0.0,1.0,0.0,0.0,1.0,0.0,0.0,1.0,0.0],
[1.0,0.0,0.0,1.0,0.0,0.0,1.0,1.0,1.0,1.0,0.0,1.0,1.0,1.0,1.0],
[1.0,1.0,1.0,0.0,0.0,1.0,0.0,0.0,1.0,0.0,0.0,1.0,0.0,0.0,1.0],
[0.0,1.0,0.0,0.0,1.0,0.0,0.0,1.0,0.0,0.0,1.0,0.0,0.0,1.0,0.0],
[1.0,1.0,1.0,0.0,0.0,1.0,1.0,1.0,1.0,0.0,0.0,1.0,1.0,1.0,1.0],
[1.0,1.0,1.0,0.0,0.0,1.0,0.0,0.0,1.0,0.0,0.0,1.0,0.0,0.0,1.0],
[1.0,0.0,1.0,1.0,0.0,1.0,1.0,1.0,1.0,0.0,0.0,1.0,0.0,0.0,1.0],
[1.0,1.0,1.0,0.0,0.0,1.0,1.0,1.0,1.0,0.0,0.0,1.0,1.0,1.0,1.0],
[1.0,1.0,1.0,0.0,0.0,1.0,1.0,1.0,1.0,0.0,0.0,1.0,1.0,1.0,1.0],
[1.0,1.0,1.0,1.0,0.0,1.0,1.0,0.0,1.0,1.0,0.0,1.0,1.0,1.0,1.0],
[1.0,1.0,1.0,0.0,0.0,1.0,0.0,0.0,1.0,0.0,0.0,1.0,0.0,0.0,1.0],
[1.0,0.0,1.0,1.0,0.0,1.0,1.0,1.0,1.0,0.0,0.0,1.0,0.0,0.0,1.0],
[1.0,0.0,0.0,1.0,0.0,0.0,1.0,1.0,1.0,1.0,0.0,1.0,1.0,1.0,1.0],
[1.0,1.0,1.0,0.0,0.0,1.0,1.0,1.0,1.0,0.0,0.0,1.0,1.0,1.0,1.0],
[1.0,1.0,1.0,0.0,0.0,1.0,1.0,1.0,1.0,1.0,0.0,0.0,1.0,1.0,1.0],
[1.0,1.0,1.0,0.0,0.0,1.0,0.0,0.0,1.0,0.0,0.0,1.0,0.0,0.0,1.0],
[1.0,1.0,1.0,0.0,0.0,1.0,0.0,0.0,1.0,0.0,0.0,1.0,0.0,0.0,1.0],
[1.0,1.0,1.0,1.0,0.0,1.0,1.0,1.0,1.0,0.0,0.0,1.0,0.0,0.0,1.0],
[1.0,0.0,1.0,1.0,0.0,1.0,1.0,1.0,1.0,0.0,0.0,1.0,0.0,0.0,1.0],
[1.0,1.0,1.0,1.0,0.0,1.0,1.0,1.0,1.0,0.0,0.0,1.0,0.0,0.0,1.0],
[1.0,1.0,1.0,0.0,0.0,1.0,0.0,0.0,1.0,0.0,0.0,1.0,0.0,0.0,1.0],
[1.0,1.0,1.0,1.0,0.0,0.0,1.0,1.0,1.0,0.0,0.0,1.0,1.0,1.0,1.0],
[0.0,1.0,0.0,0.0,1.0,0.0,0.0,1.0,0.0,0.0,1.0,0.0,0.0,1.0,0.0],
[1.0,1.0,1.0,1.0,0.0,1.0,1.0,1.0,1.0,1.0,0.0,1.0,1.0,1.0,1.0],
[1.0,1.0,1.0,1.0,0.0,1.0,1.0,0.0,1.0,1.0,0.0,1.0,1.0,1.0,1.0],
[1.0,0.0,1.0,1.0,0.0,1.0,1.0,1.0,1.0,0.0,0.0,1.0,0.0,0.0,1.0],
[1.0,1.0,1.0,0.0,0.0,1.0,0.0,0.0,1.0,0.0,0.0,1.0,0.0,0.0,1.0],
[1.0,1.0,1.0,0.0,0.0,1.0,0.0,0.0,1.0,0.0,0.0,1.0,0.0,0.0,1.0],
[1.0,1.0,1.0,1.0,0.0,1.0,1.0,1.0,1.0,0.0,0.0,1.0,0.0,0.0,1.0],
[1.0,1.0,1.0,0.0,0.0,1.0,1.0,1.0,1.0,1.0,0.0,0.0,1.0,1.0,1.0],
[1.0,1.0,1.0,1.0,0.0,1.0,1.0,0.0,1.0,1.0,0.0,1.0,1.0,1.0,1.0],
[1.0,1.0,1.0,0.0,0.0,1.0,0.0,0.0,1.0,0.0,0.0,1.0,0.0,0.0,1.0],
[1.0,0.0,1.0,1.0,0.0,1.0,1.0,1.0,1.0,0.0,0.0,1.0,0.0,0.0,1.0],
[1.0,1.0,1.0,0.0,0.0,1.0,0.0,0.0,1.0,0.0,0.0,1.0,0.0,0.0,1.0],
[1.0,1.0,1.0,1.0,0.0,1.0,1.0,1.0,1.0,0.0,0.0,1.0,0.0,0.0,1.0],
[1.0,1.0,1.0,0.0,0.0,1.0,1.0,1.0,1.0,0.0,0.0,1.0,1.0,1.0,1.0],
[1.0,1.0,1.0,1.0,0.0,1.0,1.0,1.0,1.0,0.0,0.0,1.0,0.0,0.0,1.0],
[1.0,0.0,0.0,1.0,0.0,0.0,1.0,1.0,1.0,1.0,0.0,1.0,1.0,1.0,1.0],
[1.0,1.0,1.0,1.0,0.0,0.0,1.0,1.0,1.0,0.0,0.0,1.0,1.0,1.0,1.0],
[1.0,1.0,1.0,0.0,0.0,1.0,1.0,1.0,1.0,1.0,0.0,0.0,1.0,1.0,1.0],
[0.0,1.0,0.0,0.0,1.0,0.0,0.0,1.0,0.0,0.0,1.0,0.0,0.0,1.0,0.0],
[0.0,1.0,0.0,0.0,1.0,0.0,0.0,1.0,0.0,0.0,1.0,0.0,0.0,1.0,0.0],
[1.0,1.0,1.0,1.0,0.0,1.0,1.0,0.0,1.0,1.0,0.0,1.0,1.0,1.0,1.0],
[1.0,1.0,1.0,0.0,0.0,1.0,0.0,0.0,1.0,0.0,0.0,1.0,0.0,0.0,1.0],
[1.0,1.0,1.0,1.0,0.0,1.0,1.0,1.0,1.0,0.0,0.0,1.0,0.0,0.0,1.0],
[0.0,1.0,0.0,0.0,1.0,0.0,0.0,1.0,0.0,0.0,1.0,0.0,0.0,1.0,0.0],
[1.0,0.0,0.0,1.0,0.0,0.0,1.0,1.0,1.0,1.0,0.0,1.0,1.0,1.0,1.0],
[1.0,1.0,1.0,0.0,0.0,1.0,1.0,1.0,1.0,0.0,0.0,1.0,1.0,1.0,1.0],
[1.0,1.0,1.0,1.0,0.0,1.0,1.0,1.0,1.0,1.0,0.0,1.0,1.0,1.0,1.0],
[0.0,1.0,0.0,0.0,1.0,0.0,0.0,1.0,0.0,0.0,1.0,0.0,0.0,1.0,0.0],
[1.0,1.0,1.0,1.0,0.0,0.0,1.0,1.0,1.0,0.0,0.0,1.0,1.0,1.0,1.0],
[1.0,1.0,1.0,1.0,0.0,0.0,1.0,1.0,1.0,0.0,0.0,1.0,1.0,1.0,1.0],
[1.0,1.0,1.0,0.0,0.0,1.0,0.0,0.0,1.0,0.0,0.0,1.0,0.0,0.0,1.0],
[1.0,1.0,1.0,0.0,0.0,1.0,1.0,1.0,1.0,0.0,0.0,1.0,1.0,1.0,1.0],
[1.0,1.0,1.0,1.0,0.0,1.0,1.0,1.0,1.0,0.0,0.0,1.0,0.0,0.0,1.0],
[1.0,1.0,1.0,1.0,0.0,1.0,1.0,0.0,1.0,1.0,0.0,1.0,1.0,1.0,1.0],
[1.0,1.0,1.0,1.0,0.0,1.0,1.0,0.0,1.0,1.0,0.0,1.0,1.0,1.0,1.0],
[1.0,1.0,1.0,0.0,0.0,1.0,0.0,0.0,1.0,0.0,0.0,1.0,0.0,0.0,1.0],
[1.0,1.0,1.0,1.0,0.0,1.0,1.0,1.0,1.0,1.0,0.0,1.0,1.0,1.0,1.0],
[1.0,1.0,1.0,0.0,0.0,1.0,0.0,0.0,1.0,0.0,0.0,1.0,0.0,0.0,1.0],
[1.0,1.0,1.0,0.0,0.0,1.0,0.0,0.0,1.0,0.0,0.0,1.0,0.0,0.0,1.0],
[1.0,1.0,1.0,0.0,0.0,1.0,0.0,0.0,1.0,0.0,0.0,1.0,0.0,0.0,1.0],
[1.0,1.0,1.0,1.0,0.0,0.0,1.0,1.0,1.0,0.0,0.0,1.0,1.0,1.0,1.0],
[1.0,1.0,1.0,1.0,0.0,1.0,1.0,1.0,1.0,1.0,0.0,1.0,1.0,1.0,1.0],
[1.0,1.0,1.0,1.0,0.0,0.0,1.0,1.0,1.0,0.0,0.0,1.0,1.0,1.0,1.0],
[1.0,1.0,1.0,1.0,0.0,1.0,1.0,1.0,1.0,0.0,0.0,1.0,0.0,0.0,1.0],
[1.0,1.0,1.0,1.0,0.0,1.0,1.0,1.0,1.0,1.0,0.0,1.0,1.0,1.0,1.0],
[1.0,1.0,1.0,1.0,0.0,1.0,1.0,1.0,1.0,0.0,0.0,1.0,0.0,0.0,1.0],
[1.0,1.0,1.0,1.0,0.0,1.0,1.0,1.0,1.0,0.0,0.0,1.0,0.0,0.0,1.0],
[1.0,1.0,1.0,1.0,0.0,1.0,1.0,1.0,1.0,1.0,0.0,1.0,1.0,1.0,1.0],
[1.0,1.0,1.0,0.0,0.0,1.0,1.0,1.0,1.0,1.0,0.0,0.0,1.0,1.0,1.0],
[1.0,1.0,1.0,1.0,0.0,1.0,1.0,1.0,1.0,0.0,0.0,1.0,0.0,0.0,1.0],
[0.0,1.0,0.0,0.0,1.0,0.0,0.0,1.0,0.0,0.0,1.0,0.0,0.0,1.0,0.0],
[1.0,1.0,1.0,1.0,0.0,0.0,1.0,1.0,1.0,0.0,0.0,1.0,1.0,1.0,1.0],
[1.0,1.0,1.0,1.0,0.0,0.0,1.0,1.0,1.0,0.0,0.0,1.0,1.0,1.0,1.0],
[1.0,1.0,1.0,1.0,0.0,1.0,1.0,1.0,1.0,0.0,0.0,1.0,0.0,0.0,1.0],
[1.0,1.0,1.0,1.0,0.0,1.0,1.0,1.0,1.0,0.0,0.0,1.0,0.0,0.0,1.0],
[0.0,1.0,0.0,0.0,1.0,0.0,0.0,1.0,0.0,0.0,1.0,0.0,0.0,1.0,0.0],
[1.0,1.0,1.0,0.0,0.0,1.0,0.0,0.0,1.0,0.0,0.0,1.0,0.0,0.0,1.0],
[1.0,1.0,1.0,1.0,0.0,1.0,1.0,1.0,1.0,0.0,0.0,1.0,0.0,0.0,1.0],
[1.0,1.0,1.0,0.0,0.0,1.0,1.0,1.0,1.0,1.0,0.0,0.0,1.0,1.0,1.0],
[1.0,1.0,1.0,1.0,0.0,1.0,1.0,1.0,1.0,1.0,0.0,1.0,1.0,1.0,1.0],
[1.0,1.0,1.0,0.0,0.0,1.0,1.0,1.0,1.0,0.0,0.0,1.0,1.0,1.0,1.0],
[1.0,0.0,1.0,1.0,0.0,1.0,1.0,1.0,1.0,0.0,0.0,1.0,0.0,0.0,1.0],
[1.0,0.0,1.0,1.0,0.0,1.0,1.0,1.0,1.0,0.0,0.0,1.0,0.0,0.0,1.0],
[1.0,1.0,1.0,1.0,0.0,1.0,1.0,1.0,1.0,0.0,0.0,1.0,0.0,0.0,1.0],
[0.0,1.0,0.0,0.0,1.0,0.0,0.0,1.0,0.0,0.0,1.0,0.0,0.0,1.0,0.0],
[1.0,1.0,1.0,1.0,0.0,1.0,1.0,1.0,1.0,1.0,0.0,1.0,1.0,1.0,1.0],
[1.0,1.0,1.0,1.0,0.0,1.0,1.0,1.0,1.0,0.0,0.0,1.0,0.0,0.0,1.0],
[1.0,1.0,1.0,1.0,0.0,1.0,1.0,1.0,1.0,1.0,0.0,1.0,1.0,1.0,1.0],
[1.0,1.0,1.0,1.0,0.0,1.0,1.0,0.0,1.0,1.0,0.0,1.0,1.0,1.0,1.0],
[1.0,1.0,1.0,1.0,0.0,1.0,1.0,1.0,1.0,1.0,0.0,1.0,1.0,1.0,1.0]]
t_batch content
[[0.0,0.0,0.0,1.0,0.0,0.0,0.0,0.0,0.0,0.0],
[0.0,0.0,0.0,0.0,0.0,0.0,1.0,0.0,0.0,0.0],
[0.0,0.0,0.0,0.0,0.0,0.0,0.0,0.0,1.0,0.0],
[1.0,0.0,0.0,0.0,0.0,0.0,0.0,0.0,0.0,0.0],
[0.0,0.0,1.0,0.0,0.0,0.0,0.0,0.0,0.0,0.0],
[1.0,0.0,0.0,0.0,0.0,0.0,0.0,0.0,0.0,0.0],
[0.0,0.0,0.0,0.0,0.0,0.0,0.0,0.0,1.0,0.0],
[0.0,0.0,0.0,0.0,0.0,0.0,0.0,0.0,0.0,1.0],
[0.0,1.0,0.0,0.0,0.0,0.0,0.0,0.0,0.0,0.0],
[0.0,0.0,0.0,0.0,0.0,0.0,1.0,0.0,0.0,0.0],
[0.0,0.0,0.0,0.0,0.0,0.0,0.0,1.0,0.0,0.0],
[0.0,1.0,0.0,0.0,0.0,0.0,0.0,0.0,0.0,0.0],
[0.0,0.0,0.0,1.0,0.0,0.0,0.0,0.0,0.0,0.0],
[0.0,0.0,0.0,0.0,0.0,0.0,0.0,1.0,0.0,0.0],
[0.0,0.0,0.0,0.0,1.0,0.0,0.0,0.0,0.0,0.0],
[0.0,0.0,0.0,1.0,0.0,0.0,0.0,0.0,0.0,0.0],
[0.0,0.0,0.0,1.0,0.0,0.0,0.0,0.0,0.0,0.0],
[1.0,0.0,0.0,0.0,0.0,0.0,0.0,0.0,0.0,0.0],
[0.0,0.0,0.0,0.0,0.0,0.0,0.0,1.0,0.0,0.0],
[0.0,0.0,0.0,0.0,1.0,0.0,0.0,0.0,0.0,0.0],
[0.0,0.0,0.0,0.0,0.0,0.0,1.0,0.0,0.0,0.0],
[0.0,0.0,0.0,1.0,0.0,0.0,0.0,0.0,0.0,0.0],
[0.0,0.0,1.0,0.0,0.0,0.0,0.0,0.0,0.0,0.0],
[0.0,0.0,0.0,0.0,0.0,0.0,0.0,1.0,0.0,0.0],
[0.0,0.0,0.0,0.0,0.0,0.0,0.0,1.0,0.0,0.0],
[0.0,0.0,0.0,0.0,0.0,0.0,0.0,0.0,0.0,1.0],
[0.0,0.0,0.0,0.0,1.0,0.0,0.0,0.0,0.0,0.0],
[0.0,0.0,0.0,0.0,0.0,0.0,0.0,0.0,0.0,1.0],
[0.0,0.0,0.0,0.0,0.0,0.0,0.0,1.0,0.0,0.0],
[0.0,0.0,0.0,0.0,0.0,1.0,0.0,0.0,0.0,0.0],
[0.0,1.0,0.0,0.0,0.0,0.0,0.0,0.0,0.0,0.0],
[0.0,0.0,0.0,0.0,0.0,0.0,0.0,0.0,1.0,0.0],
[1.0,0.0,0.0,0.0,0.0,0.0,0.0,0.0,0.0,0.0],
[0.0,0.0,0.0,0.0,1.0,0.0,0.0,0.0,0.0,0.0],
[0.0,0.0,0.0,0.0,0.0,0.0,0.0,1.0,0.0,0.0],
[0.0,0.0,0.0,0.0,0.0,0.0,0.0,1.0,0.0,0.0],
[0.0,0.0,0.0,0.0,0.0,0.0,0.0,0.0,0.0,1.0],
[0.0,0.0,1.0,0.0,0.0,0.0,0.0,0.0,0.0,0.0],
[1.0,0.0,0.0,0.0,0.0,0.0,0.0,0.0,0.0,0.0],
[0.0,0.0,0.0,0.0,0.0,0.0,0.0,1.0,0.0,0.0],
[0.0,0.0,0.0,0.0,1.0,0.0,0.0,0.0,0.0,0.0],
[0.0,0.0,0.0,0.0,0.0,0.0,0.0,1.0,0.0,0.0],
[0.0,0.0,0.0,0.0,0.0,0.0,0.0,0.0,0.0,1.0],
[0.0,0.0,0.0,1.0,0.0,0.0,0.0,0.0,0.0,0.0],
[0.0,0.0,0.0,0.0,0.0,0.0,0.0,0.0,0.0,1.0],
[0.0,0.0,0.0,0.0,0.0,0.0,1.0,0.0,0.0,0.0],
[0.0,0.0,0.0,0.0,0.0,1.0,0.0,0.0,0.0,0.0],
[0.0,0.0,1.0,0.0,0.0,0.0,0.0,0.0,0.0,0.0],
[0.0,1.0,0.0,0.0,0.0,0.0,0.0,0.0,0.0,0.0],
[0.0,1.0,0.0,0.0,0.0,0.0,0.0,0.0,0.0,0.0],
[1.0,0.0,0.0,0.0,0.0,0.0,0.0,0.0,0.0,0.0],
[0.0,0.0,0.0,0.0,0.0,0.0,0.0,1.0,0.0,0.0],
[0.0,0.0,0.0,0.0,0.0,0.0,0.0,0.0,0.0,1.0],
[0.0,1.0,0.0,0.0,0.0,0.0,0.0,0.0,0.0,0.0],
[0.0,0.0,0.0,0.0,0.0,0.0,1.0,0.0,0.0,0.0],
[0.0,0.0,0.0,1.0,0.0,0.0,0.0,0.0,0.0,0.0],
[0.0,0.0,0.0,0.0,0.0,0.0,0.0,0.0,1.0,0.0],
[0.0,1.0,0.0,0.0,0.0,0.0,0.0,0.0,0.0,0.0],
[0.0,0.0,0.0,0.0,0.0,1.0,0.0,0.0,0.0,0.0],
[0.0,0.0,0.0,0.0,0.0,1.0,0.0,0.0,0.0,0.0],
[0.0,0.0,0.0,0.0,0.0,0.0,0.0,1.0,0.0,0.0],
[0.0,0.0,0.0,1.0,0.0,0.0,0.0,0.0,0.0,0.0],
[0.0,0.0,0.0,0.0,0.0,0.0,0.0,0.0,0.0,1.0],
[1.0,0.0,0.0,0.0,0.0,0.0,0.0,0.0,0.0,0.0],
[1.0,0.0,0.0,0.0,0.0,0.0,0.0,0.0,0.0,0.0],
[0.0,0.0,0.0,0.0,0.0,0.0,0.0,1.0,0.0,0.0],
[0.0,0.0,0.0,0.0,0.0,0.0,0.0,0.0,1.0,0.0],
[0.0,0.0,0.0,0.0,0.0,0.0,0.0,1.0,0.0,0.0],
[0.0,0.0,0.0,0.0,0.0,0.0,0.0,1.0,0.0,0.0],
[0.0,0.0,0.0,0.0,0.0,0.0,0.0,1.0,0.0,0.0],
[0.0,0.0,0.0,0.0,0.0,1.0,0.0,0.0,0.0,0.0],
[0.0,0.0,0.0,0.0,0.0,0.0,0.0,0.0,1.0,0.0],
[0.0,0.0,0.0,0.0,0.0,1.0,0.0,0.0,0.0,0.0],
[0.0,0.0,0.0,0.0,0.0,0.0,0.0,0.0,0.0,1.0],
[0.0,0.0,0.0,0.0,0.0,0.0,0.0,0.0,1.0,0.0],
[0.0,0.0,0.0,0.0,0.0,0.0,0.0,0.0,0.0,1.0],
[0.0,0.0,0.0,0.0,0.0,0.0,0.0,0.0,0.0,1.0],
[0.0,0.0,0.0,0.0,0.0,0.0,0.0,0.0,1.0,0.0],
[0.0,0.0,1.0,0.0,0.0,0.0,0.0,0.0,0.0,0.0],
[0.0,0.0,0.0,0.0,0.0,0.0,0.0,0.0,0.0,1.0],
[0.0,1.0,0.0,0.0,0.0,0.0,0.0,0.0,0.0,0.0],
[0.0,0.0,0.0,0.0,0.0,1.0,0.0,0.0,0.0,0.0],
[0.0,0.0,0.0,0.0,0.0,1.0,0.0,0.0,0.0,0.0],
[0.0,0.0,0.0,0.0,0.0,0.0,0.0,0.0,0.0,1.0],
[0.0,0.0,0.0,0.0,0.0,0.0,0.0,0.0,0.0,1.0],
[0.0,1.0,0.0,0.0,0.0,0.0,0.0,0.0,0.0,0.0],
[0.0,0.0,0.0,0.0,0.0,0.0,0.0,1.0,0.0,0.0],
[0.0,0.0,0.0,0.0,0.0,0.0,0.0,0.0,0.0,1.0],
[0.0,0.0,1.0,0.0,0.0,0.0,0.0,0.0,0.0,0.0],
[0.0,0.0,0.0,0.0,0.0,0.0,0.0,0.0,1.0,0.0],
[0.0,0.0,0.0,1.0,0.0,0.0,0.0,0.0,0.0,0.0],
[0.0,0.0,0.0,0.0,1.0,0.0,0.0,0.0,0.0,0.0],
[0.0,0.0,0.0,0.0,1.0,0.0,0.0,0.0,0.0,0.0],
[0.0,0.0,0.0,0.0,0.0,0.0,0.0,0.0,0.0,1.0],
[0.0,1.0,0.0,0.0,0.0,0.0,0.0,0.0,0.0,0.0],
[0.0,0.0,0.0,0.0,0.0,0.0,0.0,0.0,1.0,0.0],
[0.0,0.0,0.0,0.0,0.0,0.0,0.0,0.0,0.0,1.0],
[0.0,0.0,0.0,0.0,0.0,0.0,0.0,0.0,1.0,0.0],
[1.0,0.0,0.0,0.0,0.0,0.0,0.0,0.0,0.0,0.0],
[0.0,0.0,0.0,0.0,0.0,0.0,0.0,0.0,1.0,0.0]]
